7 2500 820 
7 0 360 
7 5000 360 
0 300 712.5 
0 364 712.5 
0 428 712.5 
0 492 712.5 
0 556 712.5 
0 620 712.5 
0 684 712.5 
0 748 712.5 
0 812 712.5 
6 710 670 
6 756 670 
6 802 670 
6 848 670 
6 894 670 
6 940 670 
6 986 670 
6 2078 570 
6 2124 570 
6 2170 570 
6 2216 570 
6 2262 570 
6 2308 570 
6 2354 570 
9 2370 540 
9 2370 494 
9 2370 448 
9 2370 402 
6 2400 388 
6 2446 388 
6 2492 388 
6 2538 388 
6 2584 388 
6 2630 388 
6 2676 388 
0 2604.5 712.5 
0 2668.5 712.5 
0 2732.5 712.5 
0 2796.5 712.5 
0 2860.5 712.5 
0 2924.5 712.5 
0 2988.5 712.5 
0 3052.5 712.5 
0 3116.5 712.5 
0 3180.5 712.5 
0 3244.5 712.5 
0 3308.5 712.5 
6 3180.5 690 
6 3226.5 690 
6 3272.5 690 
6 3318.5 690 
6 3364.5 690 
6 3410.5 690 
6 3456.5 690 
9 4164 697 
9 4164 651 
9 4164 605 
9 4164 559 
6 4195.5 543 
6 4241.5 543 
6 4287.5 543 
6 4333.5 543 
6 4379.5 543 
9 4394 513 
9 4394 467 
9 4394 421 
9 4394 375 
6 4425 359 
6 4471 359 
6 4517 359 
6 4563 359 
6 4609 359 
6 4655 359 
6 4701 359 
6 4747 359 
6 4793 359 
6 4839 359 
6 4885 359 
6 4931 359 
6 4977 359 
